Read Elastic Constants from the ELASTIC_TENSOR.in file if it exists (GPa).
   346.4995   101.1157    82.9832     0.0777     0.0101    -0.2100
   101.1157   342.0703    78.0896     0.1266    -0.0028    -0.2256
    82.9832    78.0896   325.8400     0.1375     0.0629    -0.2827
     0.0777     0.1266     0.1375    96.2993    -0.0499    -0.1006
     0.0101    -0.0028     0.0629    -0.0499    94.8590     0.2459
    -0.2100    -0.2256    -0.2827    -0.1006     0.2459   109.1312
