Read Elastic Constants from the ELASTIC_TENSOR.in file if it exists (GPa).
   272.3557    98.9861    97.4802     0.3038     0.0566    -1.4540
    98.9861   316.0135   119.1119     0.0244    -0.0802    -0.8583
    97.4802   119.1119   276.5088    -0.0643     0.1827    -0.9432
     0.3038     0.0244    -0.0643    69.8315    -0.2559     0.1466
     0.0566    -0.0802     0.1827    -0.2559    89.8388     0.1093
    -1.4540    -0.8583    -0.9432     0.1466     0.1093    91.9860
