Read Elastic Constants from the ELASTIC_TENSOR.in file if it exists (GPa).
    46.9366    34.6500    14.6996     0.0316    -0.4877     0.0675
    34.6500    47.5452    14.8900     0.1337     0.0393     0.0931
    14.6996    14.8900    56.6464    -0.3068    -0.1667     0.0946
     0.0316     0.1337    -0.3068     4.7913    -0.9788    -0.4064
    -0.4877     0.0393    -0.1667    -0.9788     5.1649    -0.4776
     0.0675     0.0931     0.0946    -0.4064    -0.4776    19.6939
