Read Elastic Constants from the ELASTIC_TENSOR.in file if it exists (GPa).
    49.2309    34.7669    16.2839    -0.2025     0.2812     0.0247
    34.7669    50.0263    16.5136     0.0734     0.2244     0.2836
    16.2839    16.5136    58.0158    -0.0394     0.1569     0.1458
    -0.2025     0.0734    -0.0394     5.9890     0.1781    -0.1406
     0.2812     0.2244     0.1569     0.1781     6.8016     0.0919
     0.0247     0.2836     0.1458    -0.1406     0.0919    15.8222
