Read Elastic Constants from the ELASTIC_TENSOR.in file if it exists (GPa).
    48.8658    19.1491    25.0385     0.0337    -0.0011     0.1207
    19.1491    58.2220    30.9784    -0.0066    -0.0151    -0.0032
    25.0385    30.9784    43.0820     0.0065     0.0375     0.1777
     0.0337    -0.0066     0.0065    17.9104     0.0344    -0.0178
    -0.0011    -0.0151     0.0375     0.0344    15.8702     0.0065
     0.1207    -0.0032     0.1777    -0.0178     0.0065     7.6518
