Read Elastic Constants from the ELASTIC_TENSOR.in file if it exists (GPa).
   192.6948    47.8716    55.4575     0.3558     0.5982    -0.2318
    47.8716   187.3369    45.3679    -0.2898     0.4619    -0.0841
    55.4575    45.3679   232.8471     0.1294    -0.0960     0.1926
     0.3558    -0.2898     0.1294    54.2004     0.0298    -0.1392
     0.5982     0.4619    -0.0960     0.0298    85.6361     0.1221
    -0.2318    -0.0841     0.1926    -0.1392     0.1221    41.7429
