Read Elastic Constants from the ELASTIC_TENSOR.in file if it exists (GPa).
   113.9767    28.9125    22.7304     0.0509    -0.3343     0.0646
    28.9125   109.1110    22.8639     0.0188     0.1703     0.0592
    22.7304    22.8639    93.1955     0.0154    -0.2931     0.0337
     0.0509     0.0188     0.0154    35.5173     0.0827     0.2489
    -0.3343     0.1703    -0.2931     0.0827    34.9854    -0.0457
     0.0646     0.0592     0.0337     0.2489    -0.0457    41.6335
