Read Elastic Constants from the ELASTIC_TENSOR.in file if it exists (GPa).
    64.9022    34.4434    29.3154     0.1153     0.0480     0.0103
    34.4434    67.1144    32.0564     0.1218     0.0298     0.0323
    29.3154    32.0564    77.7873     0.1243     0.0507     0.0649
     0.1153     0.1218     0.1243    18.7554     0.0109     0.0648
     0.0480     0.0298     0.0507     0.0109    23.5745    -0.0075
     0.0103     0.0323     0.0649     0.0648    -0.0075    12.7180
