Read Elastic Constants from the ELASTIC_TENSOR.in file if it exists (GPa).
    44.5052     6.6608     6.8691     0.0527    -0.0334    -0.0253
     6.6608    28.2164     9.2220     0.0307    -0.0291    -0.0230
     6.8691     9.2220    31.2423     0.0317    -0.0262    -0.0371
     0.0527     0.0307     0.0317    10.2168    -0.0182    -0.0103
    -0.0334    -0.0291    -0.0262    -0.0182     8.5553     0.0021
    -0.0253    -0.0230    -0.0371    -0.0103     0.0021     9.4390
