Read Elastic Constants from the ELASTIC_TENSOR.in file if it exists (GPa).
   171.9065    60.0038    56.4946     0.7737    -0.1612     0.0471
    60.0038   115.5080    44.9732    -4.9172    -0.1446    -0.0636
    56.4946    44.9732   204.0258   -23.2871     0.0374    -0.1199
     0.7737    -4.9172   -23.2871    45.3620     0.0527    -0.0528
    -0.1612    -0.1446     0.0374     0.0527    72.1325     7.5473
     0.0471    -0.0636    -0.1199    -0.0528     7.5473    28.7334
