Read Elastic Constants from the ELASTIC_TENSOR.in file if it exists (GPa).
    57.2294    23.5019    17.9378     0.0750    -0.0414    -0.0264
    23.5019    45.4566    16.6396     0.0974    -0.0339     0.1117
    17.9378    16.6396    54.1509     0.1016    -0.0359     0.0949
     0.0750     0.0974     0.1016     8.9683     0.0949     0.0031
    -0.0414    -0.0339    -0.0359     0.0949    17.2522    -0.0491
    -0.0264     0.1117     0.0949     0.0031    -0.0491    12.4928
