Read Elastic Constants from the ELASTIC_TENSOR.in file if it exists (GPa).
   181.2697    84.0836    41.6078     0.1277     0.0100    -0.3199
    84.0836   181.5059    41.7926     0.0893    -0.0092    -0.2410
    41.6078    41.7926   102.9599     0.1232     0.0040    -0.0340
     0.1277     0.0893     0.1232    50.3672     0.0263    -0.0257
     0.0100    -0.0092     0.0040     0.0263    50.5160     0.0672
    -0.3199    -0.2410    -0.0340    -0.0257     0.0672   104.3238
