Read Elastic Constants from the ELASTIC_TENSOR.in file if it exists (GPa).
    61.4484    23.3775    14.9536    -1.2373     0.8498     2.5241
    23.3775    61.0264    14.2167    -0.6754     0.9087     0.8170
    14.9536    14.2167    46.0291    -0.6673     1.0924    -0.9650
    -1.2373    -0.6754    -0.6673    14.3940    -1.5561     0.3877
     0.8498     0.9087     1.0924    -1.5561    15.7611    -0.7450
     2.5241     0.8170    -0.9650     0.3877    -0.7450    18.1433
