Read Elastic Constants from the ELASTIC_TENSOR.in file if it exists (GPa).
   111.9939    35.1585    35.1571    -0.0243    -0.0121    -0.0188
    35.1585   112.0484    35.1350    -0.0251    -0.0128    -0.0187
    35.1571    35.1350   112.0460    -0.0234    -0.0133    -0.0290
    -0.0243    -0.0251    -0.0234    52.4305    -0.0616    -0.0607
    -0.0121    -0.0128    -0.0133    -0.0616    52.4079    -0.0011
    -0.0188    -0.0187    -0.0290    -0.0607    -0.0011    52.6734
