Read Elastic Constants from the ELASTIC_TENSOR.in file if it exists (GPa).
    62.3517    25.0851    22.5278     0.1107    -0.1138     0.0847
    25.0851    50.5280    29.7629     0.1020    -0.1217     0.1301
    22.5278    29.7629    51.9299     0.0638    -0.0013     0.0467
     0.1107     0.1020     0.0638    12.0973    -0.0467     0.0385
    -0.1138    -0.1217    -0.0013    -0.0467    12.1144    -0.0212
     0.0847     0.1301     0.0467     0.0385    -0.0212    11.0282
