Read Elastic Constants from the ELASTIC_TENSOR.in file if it exists (GPa).
   107.1711    46.3224    47.2737    -0.4428     0.1584    -0.5691
    46.3224   124.9796    56.4021    -0.6779     0.2150    -0.7345
    47.2737    56.4021   128.4061    -0.8299     0.2078    -0.5722
    -0.4428    -0.6779    -0.8299    34.5039    -0.0269    -0.0907
     0.1584     0.2150     0.2078    -0.0269    42.1300    -0.0558
    -0.5691    -0.7345    -0.5722    -0.0907    -0.0558    35.9587
