Read Elastic Constants from the ELASTIC_TENSOR.in file if it exists (GPa).
    57.2650    20.6477    15.7462    -2.5334     0.9849     2.0075
    20.6477    55.9872    14.7395    -0.0402     1.1773     1.7776
    15.7462    14.7395    45.7978    -0.6510     0.8975    -1.2144
    -2.5334    -0.0402    -0.6510    13.8185    -1.9535     0.6472
     0.9849     1.1773     0.8975    -1.9535    14.7773    -1.2823
     2.0075     1.7776    -1.2144     0.6472    -1.2823    17.2398
