Read Elastic Constants from the ELASTIC_TENSOR.in file if it exists (GPa).
    64.5631    25.5441    24.9904    -0.1724    -0.0701    -0.1166
    25.5441    71.7318    28.2099    -0.1887    -0.0545     0.2984
    24.9904    28.2099    73.7247     0.0859     0.0323     0.1371
    -0.1724    -0.1887     0.0859     9.3647     0.0529     0.0018
    -0.0701    -0.0545     0.0323     0.0529    19.6881    -0.0051
    -0.1166     0.2984     0.1371     0.0018    -0.0051    20.4918
