Read Elastic Constants from the ELASTIC_TENSOR.in file if it exists (GPa).
   155.8131    50.6885    61.6706    -0.2542    -0.1353    -0.8910
    50.6885   174.9115    59.3391    -0.3333    -0.1882    -0.9887
    61.6706    59.3391   183.1369    -0.1084    -0.0853    -0.6821
    -0.2542    -0.3333    -0.1084    50.0686    -0.0030    -0.0974
    -0.1353    -0.1882    -0.0853    -0.0030    58.2200    -0.0464
    -0.8910    -0.9887    -0.6821    -0.0974    -0.0464    51.6535
