Read Elastic Constants from the ELASTIC_TENSOR.in file if it exists (GPa).
    61.7017    25.6857    23.8805    -0.0982     0.3028     0.0828
    25.6857    68.7894    27.1288     0.0048     0.1904     0.3014
    23.8805    27.1288    70.7019    -0.0465     0.1845     0.2854
    -0.0982     0.0048    -0.0465     9.0970    -0.0456    -0.0261
     0.3028     0.1904     0.1845    -0.0456    19.2395     0.0061
     0.0828     0.3014     0.2854    -0.0261     0.0061    20.1812
