Read Elastic Constants from the ELASTIC_TENSOR.in file if it exists (GPa).
   110.5327    29.3158    18.6108     0.7890    -0.0052    -0.0026
    29.3158   110.7186    18.9164    -0.4368    -0.0068    -0.0063
    18.6108    18.9164    71.9455     0.2018     0.0079     0.0871
     0.7890    -0.4368     0.2018    28.0359     0.0092    -0.0060
    -0.0052    -0.0068     0.0079     0.0092    28.0181     0.2955
    -0.0026    -0.0063     0.0871    -0.0060     0.2955    40.7981
