Read Elastic Constants from the ELASTIC_TENSOR.in file if it exists (GPa).
   164.2844    66.5515    50.8757    13.1100     0.0398    -0.0295
    66.5515   135.4126    46.0841     6.5776     0.0641    -0.0588
    50.8757    46.0841   176.1028    -0.3559    -0.0504    -0.0967
    13.1100     6.5776    -0.3559    47.4426    -0.0791     0.0143
     0.0398     0.0641    -0.0504    -0.0791    41.0039     3.0279
    -0.0295    -0.0588    -0.0967     0.0143     3.0279    68.7875
