Read Elastic Constants from the ELASTIC_TENSOR.in file if it exists (GPa).
    64.2427    21.7355    24.7487     0.0338    -0.1627    -0.0791
    21.7355    62.4315    25.9078     0.0189    -0.1493     0.1090
    24.7487    25.9078    62.7318    -0.0596     0.0039     0.2457
     0.0338     0.0189    -0.0596    10.0573    -0.0340    -0.0269
    -0.1627    -0.1493     0.0039    -0.0340    16.1422    -0.0150
    -0.0791     0.1090     0.2457    -0.0269    -0.0150    15.1548
