Read Elastic Constants from the ELASTIC_TENSOR.in file if it exists (GPa).
    66.0584    22.4658    25.8349    -0.0944     0.0256    -0.1788
    22.4658    65.1155    26.7428    -0.0479     0.0254     0.0827
    25.8349    26.7428    64.8331     0.1561     0.0712     0.1500
    -0.0944    -0.0479     0.1561    10.1807    -0.0231    -0.0190
     0.0256     0.0254     0.0712    -0.0231    17.4904    -0.0217
    -0.1788     0.0827     0.1500    -0.0190    -0.0217    16.2709
