Read Elastic Constants from the ELASTIC_TENSOR.in file if it exists (GPa).
   167.1915    60.2514    54.1502     0.0123    -0.0164    -0.0103
    60.2514   177.8470    47.8925     0.0125     0.0757     0.1215
    54.1502    47.8925   176.2657    -0.0065    -0.0189    -0.0893
     0.0123     0.0125    -0.0065    44.2022    -0.0849    -0.0175
    -0.0164     0.0757    -0.0189    -0.0849    81.8609     0.0199
    -0.0103     0.1215    -0.0893    -0.0175     0.0199    49.5308
