Read Elastic Constants from the ELASTIC_TENSOR.in file if it exists (GPa).
    77.9522    39.9767    17.8049     0.1278    12.1086    -0.0244
    39.9767    86.3355    20.5992     0.0343    -7.7252     0.2532
    17.8049    20.5992    76.5803    -0.0242     1.5613    -0.0482
     0.1278     0.0343    -0.0242    27.9904    -0.0487    -8.0597
    12.1086    -7.7252     1.5613    -0.0487    27.4040     0.0697
    -0.0244     0.2532    -0.0482    -8.0597     0.0697    21.8242
