Read Elastic Constants from the ELASTIC_TENSOR.in file if it exists (GPa).
    78.6577    19.1133    19.0445    -0.2325     0.6062     0.0360
    19.1133    81.6431    38.4257    -0.2330    -7.7057     0.0294
    19.0445    38.4257    77.4627    -0.2004     9.8044    -0.1203
    -0.2325    -0.2330    -0.2004    20.2668    -0.1257    -8.4414
     0.6062    -7.7057     9.8044    -0.1257    26.4927    -0.0276
     0.0360     0.0294    -0.1203    -8.4414    -0.0276    26.4757
