Read Elastic Constants from the ELASTIC_TENSOR.in file if it exists (GPa).
   181.2281    78.0476    78.1170     0.0608     0.0583     0.0668
    78.0476   180.9667    78.0833     0.0133     0.0895     0.1260
    78.1170    78.0833   180.9485    -0.0101     0.0557     0.1639
     0.0608     0.0133    -0.0101    57.5223     0.0342    -0.0169
     0.0583     0.0895     0.0557     0.0342    57.5598     0.0476
     0.0668     0.1260     0.1639    -0.0169     0.0476    57.5162
