Read Elastic Constants from the ELASTIC_TENSOR.in file if it exists (GPa).
   170.4051    74.8861    74.8377     0.1305    -0.1304     0.0277
    74.8861   169.8394    74.4545    -0.0721     0.0762     0.0693
    74.8377    74.4545   170.0670     0.0488    -0.0021     0.0490
     0.1305    -0.0721     0.0488    54.7567     0.0542    -0.0536
    -0.1304     0.0762    -0.0021     0.0542    54.6365     0.1183
     0.0277     0.0693     0.0490    -0.0536     0.1183    54.7016
