Read Elastic Constants from the ELASTIC_TENSOR.in file if it exists (GPa).
    51.8283    26.8575    26.7880    -0.2723     0.0126     0.2005
    26.8575    51.6862    26.8890     0.1149    -0.2038     0.0052
    26.7880    26.8890    51.6895    -0.0551    -0.1104     0.0577
    -0.2723     0.1149    -0.0551    13.7009    -0.0217    -0.0411
     0.0126    -0.2038    -0.1104    -0.0217    13.6584     0.0128
     0.2005     0.0052     0.0577    -0.0411     0.0128    13.6290
