Read Elastic Constants from the ELASTIC_TENSOR.in file if it exists (GPa).
    49.1145    28.2947    28.2451    -0.1437     0.0033     0.2190
    28.2947    49.0216    28.2390     0.1098    -0.1021     0.0225
    28.2451    28.2390    49.0262    -0.0856    -0.1048     0.1932
    -0.1437     0.1098    -0.0856    11.5731     0.0179    -0.0343
     0.0033    -0.1021    -0.1048     0.0179    11.6070     0.0619
     0.2190     0.0225     0.1932    -0.0343     0.0619    11.5704
