Read Elastic Constants from the ELASTIC_TENSOR.in file if it exists (GPa).
    49.0705    24.8177    24.8315    -0.0263    -0.0407     0.1485
    24.8177    48.9540    24.8335     0.0093    -0.0359    -0.0133
    24.8315    24.8335    48.9586    -0.1231    -0.0697     0.1155
    -0.0263     0.0093    -0.1231    16.6091    -0.0315    -0.0283
    -0.0407    -0.0359    -0.0697    -0.0315    16.6841     0.0204
     0.1485    -0.0133     0.1155    -0.0283     0.0204    16.6970
