Read Elastic Constants from the ELASTIC_TENSOR.in file if it exists (GPa).
   179.6148    94.0612    80.3633    -0.0996     0.1283     0.0195
    94.0612   180.4108    81.4727     0.0188    -0.0956    -0.2247
    80.3633    81.4727   214.2104    -0.1114    -0.1399    -0.0827
    -0.0996     0.0188    -0.1114    77.8244    -0.0086     0.0089
     0.1283    -0.0956    -0.1399    -0.0086    77.9906    -0.0422
     0.0195    -0.2247    -0.0827     0.0089    -0.0422    71.3360
