Read Elastic Constants from the ELASTIC_TENSOR.in file if it exists (GPa).
    40.2571    24.3941    26.5124     0.1570    -2.8436    -1.3996
    24.3941    31.5873    21.3633    -0.5492     2.3697    -1.1865
    26.5124    21.3633    60.5648    -3.5012    -1.7007     1.7369
     0.1570    -0.5492    -3.5012    13.0572     3.9824     1.6637
    -2.8436     2.3697    -1.7007     3.9824    15.9503    -2.8795
    -1.3996    -1.1865     1.7369     1.6637    -2.8795    11.2857
