Read Elastic Constants from the ELASTIC_TENSOR.in file if it exists (GPa).
    17.6367     7.0693     7.1400     0.1942     0.0391    -0.0304
     7.0693    36.0383     9.3494    -2.2827    -0.0556     0.0118
     7.1400     9.3494    26.0254    -0.4307     0.0377    -0.0265
     0.1942    -2.2827    -0.4307     9.1397    -0.0179     0.0114
     0.0391    -0.0556     0.0377    -0.0179     7.6934    -0.3379
    -0.0304     0.0118    -0.0265     0.0114    -0.3379     6.5448
