Read Elastic Constants from the ELASTIC_TENSOR.in file if it exists (GPa).
   269.1575   102.1195    59.2598     4.3544    -0.1811    -1.4885
   102.1195   275.1945    62.3654    -5.5415    -0.1923    -1.0954
    59.2598    62.3654   156.5879    -0.3592    -0.2012    -1.0929
     4.3544    -5.5415    -0.3592    65.6798     0.0394    -0.0479
    -0.1811    -0.1923    -0.2012     0.0394    65.7064     4.8521
    -1.4885    -1.0954    -1.0929    -0.0479     4.8521    84.7486
