Read Elastic Constants from the ELASTIC_TENSOR.in file if it exists (GPa).
   192.0000    81.9990    41.3008     9.1813    -0.0649     0.1389
    81.9990   193.0580    42.0394   -10.1806    -0.4897    -0.0040
    41.3008    42.0394   100.8934    -1.0982    -0.2527     0.0142
     9.1813   -10.1806    -1.0982    44.6756     0.0679     0.1255
    -0.0649    -0.4897    -0.2527     0.0679    44.2875     9.7309
     0.1389    -0.0040     0.0142     0.1255     9.7309    55.0821
