Read Elastic Constants from the ELASTIC_TENSOR.in file if it exists (GPa).
   279.8061    33.6538   126.4992    -0.0407    -0.0477    -0.0229
    33.6538   280.1941   126.6425     0.4840    -0.0097    -0.0942
   126.4992   126.6425   219.1249     0.1744    -0.0294    -0.1114
    -0.0407     0.4840     0.1744   163.4892    -0.0247     0.0176
    -0.0477    -0.0097    -0.0294    -0.0247   163.2321    -0.0519
    -0.0229    -0.0942    -0.1114     0.0176    -0.0519   101.0822
