Read Elastic Constants from the ELASTIC_TENSOR.in file if it exists (GPa).
   226.3517    91.1145    50.0738     7.5367     0.0444    -0.1363
    91.1145   226.2827    50.0059    -7.4806     0.0179    -0.0943
    50.0738    50.0059   125.3765    -0.0998    -0.0160    -0.1409
     7.5367    -7.4806    -0.0998    50.8031     0.0587    -0.0792
     0.0444     0.0179    -0.0160     0.0587    50.8469     7.8590
    -0.1363    -0.0943    -0.1409    -0.0792     7.8590    67.8433
