Read Elastic Constants from the ELASTIC_TENSOR.in file if it exists (GPa).
    51.1059    35.9625    36.0176     0.0334     0.0029     0.0301
    35.9625    51.6699    36.1529     0.1429     0.3645    -0.2047
    36.0176    36.1529    51.6817    -0.0325     0.2830     0.1117
     0.0334     0.1429    -0.0325    10.9685     0.0742     0.0122
     0.0029     0.3645     0.2830     0.0742    11.2174    -0.0477
     0.0301    -0.2047     0.1117     0.0122    -0.0477    11.2372
