Read Elastic Constants from the ELASTIC_TENSOR.in file if it exists (GPa).
   162.4606    36.0611     5.0564     0.0288     0.0186    -0.0639
    36.0611   160.5837     4.3147     0.0277     0.0199     0.0962
     5.0564     4.3147   178.9413     0.0296     0.0214    -0.0750
     0.0288     0.0277     0.0296    19.7854    -0.0080    -0.0170
     0.0186     0.0199     0.0214    -0.0080    19.7853     0.0005
    -0.0639     0.0962    -0.0750    -0.0170     0.0005    63.8041
