Read Elastic Constants from the ELASTIC_TENSOR.in file if it exists (GPa).
    88.4331    29.2740    32.6180     7.0861    -0.4268    -0.5112
    29.2740    53.3828    23.1944     0.5638    -0.3631    -0.4467
    32.6180    23.1944    69.5213     3.0015    -0.2548    -0.2454
     7.0861     0.5638     3.0015    21.1783    -0.1016    -0.0729
    -0.4268    -0.3631    -0.2548    -0.1016    15.2360     2.2376
    -0.5112    -0.4467    -0.2454    -0.0729     2.2376    21.1615
