Read Elastic Constants from the ELASTIC_TENSOR.in file if it exists (GPa).
    44.0534    15.3326    24.9320     0.0484    -0.0570     0.0989
    15.3326    41.6771    22.4005    -0.0379    -0.0666     0.1314
    24.9320    22.4005    60.6559     0.0099     0.0056     0.2281
     0.0484    -0.0379     0.0099    10.3705    -0.0435     0.0121
    -0.0570    -0.0666     0.0056    -0.0435    10.4541     0.0252
     0.0989     0.1314     0.2281     0.0121     0.0252    16.6722
