Read Elastic Constants from the ELASTIC_TENSOR.in file if it exists (GPa).
   153.0229    40.9017    47.9450    -0.1180    -0.1515     0.2818
    40.9017   148.4251    63.3655    -0.2733     0.0960     0.3032
    47.9450    63.3655   145.2480     0.0662     0.0154     0.3461
    -0.1180    -0.2733     0.0662    45.9224     0.4026     0.0461
    -0.1515     0.0960     0.0154     0.4026    51.3848     0.0641
     0.2818     0.3032     0.3461     0.0461     0.0641    41.0854
