Read Elastic Constants from the ELASTIC_TENSOR.in file if it exists (GPa).
   133.4218    56.0914    16.2430    -0.0434    -0.0304    -0.4053
    56.0914   135.7994    16.4239    -0.0413    -0.0311     0.1820
    16.2430    16.4239   185.0970     0.0186     0.0085    -0.0579
    -0.0434    -0.0413     0.0186    47.9442    -0.0733    -0.0041
    -0.0304    -0.0311     0.0085    -0.0733    47.7047    -0.0100
    -0.4053     0.1820    -0.0579    -0.0041    -0.0100    39.6146
