Read Elastic Constants from the ELASTIC_TENSOR.in file if it exists (GPa).
   128.7152    51.9880    42.1086    -0.3914    -0.0154     0.0484
    51.9880   142.5981    73.0786    -0.9219     0.0430     0.0467
    42.1086    73.0786   141.3801    -0.2197    -0.0017    -0.1140
    -0.3914    -0.9219    -0.2197    42.8386     0.1493     0.0087
    -0.0154     0.0430    -0.0017     0.1493    45.3273    -0.0509
     0.0484     0.0467    -0.1140     0.0087    -0.0509    59.0721
